33804735,Star Wars: The Force Awakens (2015),8,tt2488496
33804735,Room (2015),8,tt3170832
33804735,Deadpool (2016),8,tt1431045
33804735,Spotlight (2015),8,tt1895587
33804735,Suicide Squad (2016),7,tt1386697
33804735,The Hateful Eight (2015),8,tt3460252
33804735,The Illusionist (2006),8,tt0443543
33804735,The Judge (2014),7,tt1872194
33804735,Mr. Nobody (2009),8,tt0485947
33804735,The Revenant (2015),9,tt1663202
33804735,True Story (2015),7,tt2273657
33804735,Up in the Air (2009),7,tt1193138
33804735,Star Wars: Episode IV - A New Hope (1977),8,tt0076759
33804735,Star Wars: Episode VI - Return of the Jedi (1983),8,tt0086190
33804735,Star Wars: Episode V - The Empire Strikes Back (1980),8,tt0080684
33804735,Mr. Robot (2015 TV Series),9,tt4158110
33804735,Band of Brothers (2001 Mini-Series),10,tt0185906
33804735,The Martian (2015),8,tt3659388
33804735,Birdman or (The Unexpected Virtue of Ignorance) (2014),8,tt2562232
33804735,"Monsters, Inc. (2001)",8,tt0198781
33804735,Sicario (2015),9,tt3397884
33804735,Everest (2015),8,tt2719848
33804735,The Sixth Sense (1999),10,tt0167404
33804735,Mission: Impossible - Rogue Nation (2015),8,tt2381249
33804735,Inside Out (2015),9,tt2096673
33804735,Mission: Impossible - Ghost Protocol (2011),7,tt1229238
33804735,Seven Pounds (2008),8,tt0814314
33804735,Her (2013),8,tt1798709
33804735,It Follows (2014),7,tt3235888
33804735,Hancock (2008),6,tt0448157
33804735,Mission: Impossible (1996),7,tt0117060
33804735,Terminator 3: Rise of the Machines (2003),6,tt0181852
33804735,Madagascar (2005),7,tt0351283
33804735,Despicable Me 2 (2013),7,tt1690953
33804735,The Pursuit of Happyness (2006),8,tt0454921
33804735,Mission: Impossible II (2000),7,tt0120755
33804735,Mad Max: Fury Road (2015),8,tt1392190
33804735,Jurassic World (2015),8,tt0369610
33804735,Spy (2015),8,tt3079380
33804735,Despicable Me (2010),7,tt1323594
33804735,Silver Linings Playbook (2012),8,tt1045658
33804735,Ice Age: Dawn of the Dinosaurs (2009),7,tt1080016
33804735,Shrek Forever After (2010),6,tt0892791
33804735,Ice Age: The Meltdown (2006),7,tt0438097
33804735,Runaway Bride (1999),7,tt0163187
33804735,Prison Break (2005 TV Series),9,tt0455275
33804735,Lucy (2014),7,tt2872732
33804735,I Am Legend (2007),8,tt0480249
33804735,Mr. &amp; Mrs. Smith (2005),7,tt0356910
33804735,The Incredibles (2004),8,tt0317705
33804735,Ocean's Eleven (2001),8,tt0240772
33804735,Sherlock Holmes (2009),8,tt0988045
33804735,Ocean's Thirteen (2007),6,tt0496806
33804735,Shrek (2001),8,tt0126029
33804735,Shrek 2 (2004),7,tt0298148
33804735,The Little Mermaid (1989),8,tt0097757
33804735,The Holiday (2006),7,tt0457939
33804735,Life of Pi (2012),8,tt0454876
33804735,Hitch (2005),7,tt0386588
33804735,Tarzan (1999),7,tt0120855
33804735,"I, Robot (2004)",8,tt0343818
33804735,Ice Age (2002),8,tt0268380
33804735,Mission: Impossible III (2006),8,tt0317919
33804735,Ocean's Twelve (2004),6,tt0349903
33804735,Miss Congeniality (2000),6,tt0212346
33804735,Due Date (2010),7,tt1231583
33804735,Tootsie (1982),8,tt0084805
33804735,Spirited Away (2001),9,tt0245429
33804735,Gravity (2013),8,tt1454468
33804735,Memento (2000),9,tt0209144
33804735,Full Metal Jacket (1987),8,tt0093058
33804735,Heat (1995),8,tt0113277
33804735,The Hangover Part II (2011),6,tt1411697
33804735,Avengers: Age of Ultron (2015),7,tt2395427
33804735,The Gold Rush (1925),8,tt0015864
33804735,The General (1926),8,tt0017925
33804735,Ex Machina (2015),9,tt0470752
33804735,The Kid (1921),8,tt0012349
33804735,The Princess Bride (1987),8,tt0093779
33804735,Trainspotting (1996),8,tt0117951
33804735,The Intouchables (2011),9,tt1675434
33804735,Amélie (2001),8,tt0211915
33804735,Twelve Monkeys (1995),8,tt0114746
33804735,I Am Number Four (2011),6,tt1464540
33804735,Modern Times (1936),8,tt0027977
33804735,Interstellar (2014),8,tt0816692
33804735,Snatch (2000),8,tt0208092
33804735,Sin City (2005),9,tt0401792
33804735,L.A. Confidential (1997),7,tt0119488
33804735,The Deer Hunter (1978),8,tt0077416
33804735,The Elephant Man (1980),8,tt0080678
33804735,Magnolia (1999),8,tt0175880
33804735,The Fast and the Furious (2001),6,tt0232500
33804735,Fast &amp; Furious 6 (2013),7,tt1905041
33804735,The Fast and the Furious: Tokyo Drift (2006),7,tt0463985
33804735,Fast &amp; Furious (2009),6,tt1013752
33804735,Fast Five (2011),7,tt1596343
33804735,2 Fast 2 Furious (2003),6,tt0322259
33804735,Pirates of the Caribbean: The Curse of the Black Pearl (2003),8,tt0325980
33804735,Gone Girl (2014),7,tt2267998
33804735,Whiplash (2014),8,tt2582802
33804735,Kingsman: The Secret Service (2014),8,tt2802144
33804735,American Beauty (1999),8,tt0169547
33804735,The Avengers (2012),7,tt0848228
33804735,12 Years a Slave (2013),7,tt2024544
33804735,The Grand Budapest Hotel (2014),8,tt2278388
33804735,Psycho (1960),8,tt0054215
33804735,A Clockwork Orange (1971),8,tt0066921
33804735,Nightcrawler (2014),8,tt2872718
33804735,Elysium (2013),7,tt1535108
33804735,Boyhood (2014),9,tt1065073
33804735,Snowpiercer (2013),8,tt1706620
33804735,Chappie (2015),8,tt1823672
33804735,How to Train Your Dragon (2010),8,tt0892769
33804735,Gone with the Wind (1939),7,tt0031381
33804735,District 9 (2009),8,tt1136608
33804735,Citizen Kane (1941),7,tt0033467
33804735,Foxcatcher (2014),7,tt1100089
33804735,Breaking Bad (2008 TV Series),8,tt0903747
33804735,Pirates of the Caribbean: On Stranger Tides (2011),6,tt1298650
33804735,Pirates of the Caribbean: At World's End (2007),6,tt0449088
33804735,Pirates of the Caribbean: Dead Man's Chest (2006),7,tt0383574
33804735,Avatar (2009),9,tt0499549
33804735,The Girl with the Dragon Tattoo (2011),8,tt1568346
33804735,Casino Royale (2006),8,tt0381061
33804735,How to Lose a Guy in 10 Days (2003),6,tt0251127
33804735,The Theory of Everything (2014),8,tt2980516
33804735,V for Vendetta (2005),8,tt0434409
33804735,Iron Man (2008),8,tt0371746
33804735,Superbad (2007),8,tt0829482
33804735,The Social Network (2010),8,tt1285016
33804735,The Hangover (2009),7,tt1119646
33804735,Zodiac (2007),8,tt0443706
33804735,The Curious Case of Benjamin Button (2008),8,tt0421715
33804735,Argo (2012),7,tt1024648
33804735,Iron Man 2 (2010),7,tt1228705
33804735,Rush (2013),8,tt1979320
33804735,Iron Man 3 (2013),7,tt1300854
33804735,Pretty Woman (1990),8,tt0100405
33804735,Up (2009),7,tt1049413
33804735,Pineapple Express (2008),7,tt0910936
33804735,Kill Bill: Vol. 2 (2004),8,tt0378194
33804735,Home Alone 2: Lost in New York (1992),7,tt0104431
33804735,Quantum of Solace (2008),6,tt0830515
33804735,The Hurt Locker (2008),8,tt0887912
33804735,The Proposal (2009),6,tt1041829
33804735,My Best Friend's Wedding (1997),7,tt0119738
33804735,The Hangover Part III (2013),6,tt1951261
33804735,Alien (1979),8,tt0078748
33804735,The Wolf of Wall Street (2013),8,tt0993846
33804735,Moonrise Kingdom (2012),8,tt1748122
33804735,The Shawshank Redemption (1994),9,tt0111161
33804735,Prisoners (2013),8,tt1392214
33804735,12 Angry Men (1957),8,tt0050083
33804735,The Game (1997),8,tt0119174
33804735,Billy Elliot the Musical Live (2014),8,tt4085696
33804735,The MatchMaker (1997),5,tt0119632
33804735,King of Devil's Island (2010),7,tt1332134
33804735,Headhunters (2011),8,tt1614989
33804735,The Ladykillers (2004),7,tt0335245
33804735,Matchstick Men (2003),8,tt0325805
33804735,"You, Me and Dupree (2006)",7,tt0463034
33804735,Game of Thrones (2011 TV Series),10,tt0944947
33804735,Sherlock (2010 TV Series),9,tt1475582
33804735,Titanic (1997),8,tt0120338
33804735,Mean Girls (2004),7,tt0377092
33804735,Harry Potter and the Sorcerer's Stone (2001),8,tt0241527
33804735,The Imitation Game (2014),8,tt2084970
33804735,Pulp Fiction (1994),9,tt0110912
33804735,The Prestige (2006),9,tt0482571
33804735,The Shining (1980),8,tt0081505
33804735,Cast Away (2000),9,tt0162222
33804735,X-Men: Days of Future Past (2014),8,tt1877832
33804735,Harry Potter and the Deathly Hallows: Part 2 (2011),7,tt1201607
33804735,Eternal Sunshine of the Spotless Mind (2004),8,tt0338013
33804735,Donnie Darko (2001),8,tt0246578
33804735,Spider-Man (2002),7,tt0145487
33804735,Back to the Future (1985),8,tt0088763
33804735,The Da Vinci Code (2006),7,tt0382625
33804735,Harry Potter and the Goblet of Fire (2005),7,tt0330373
33804735,Lone Survivor (2013),7,tt1091191
33804735,A Knight's Tale (2001),7,tt0183790
33804735,The Great Gatsby (2013),7,tt1343092
33804735,Black Swan (2010),8,tt0947798
33804735,Top Gun (1986),8,tt0092099
33804735,Catch Me If You Can (2002),8,tt0264464
33804735,The Hobbit: An Unexpected Journey (2012),6,tt0903624
33804735,Angels &amp; Demons (2009),7,tt0808151
33804735,Love Actually (2003),7,tt0314331
33804735,Harry Potter and the Prisoner of Azkaban (2004),7,tt0304141
33804735,Skyfall (2012),7,tt1074638
33804735,Looper (2012),8,tt1276104
33804735,10 Things I Hate About You (1999),7,tt0147800
33804735,The Truman Show (1998),8,tt0120382
33804735,Harry Potter and the Chamber of Secrets (2002),7,tt0295297
33804735,This Is the End (2013),9,tt1245492
33804735,The Devil Wears Prada (2006),7,tt0458352
33804735,Neighbors (2014),6,tt2004420
33804735,Oldboy (2003),9,tt0364569
33804735,World War Z (2013),8,tt0816711
33804735,Romeo + Juliet (1996),7,tt0117509
33804735,Big Fish (2003),7,tt0319061
33804735,Home Alone (1990),7,tt0099785
33804735,Harry Potter and the Half-Blood Prince (2009),7,tt0417741
33804735,Dallas Buyers Club (2013),8,tt0790636
33804735,What's Eating Gilbert Grape (1993),8,tt0108550
33804735,Harry Potter and the Deathly Hallows: Part 1 (2010),7,tt0926084
33804735,21 Jump Street (2012),7,tt1232829
33804735,Spider-Man 3 (2007),6,tt0413300
33804735,Million Dollar Baby (2004),8,tt0405159
33804735,Zero Dark Thirty (2012),8,tt1790885
33804735,Spider-Man 2 (2004),7,tt0316654
33804735,Captain Phillips (2013),9,tt1535109
33804735,The Girl Next Door (2004),7,tt0265208
33804735,Brokeback Mountain (2005),8,tt0388795
33804735,Mystic River (2003),8,tt0327056
33804735,The Aviator (2004),8,tt0338751
33804735,Shooter (2007),7,tt0822854
33804735,The Amazing Spider-Man (2012),7,tt0948470
33804735,The Beach (2000),7,tt0163978
33804735,Taken (2008),7,tt0936501
33804735,Notting Hill (1999),7,tt0125439
33804735,Apollo 13 (1995),7,tt0112384
33804735,The Wrestler (2008),8,tt1125849
33804735,Blood Diamond (2006),9,tt0450259
33804735,The Interview (2014),7,tt2788710
33804735,22 Jump Street (2014),7,tt2294449
33804735,Body of Lies (2008),7,tt0758774
33804735,The Terminal (2004),7,tt0362227
33804735,Deja Vu (2006),7,tt0453467
33804735,Primal Fear (1996),8,tt0117381
33804735,Sleepless in Seattle (1993),6,tt0108160
33804735,Big (1988),7,tt0094737
33804735,Primer (2004),7,tt0390384
33804735,The Sting (1973),8,tt0070735
33804735,You've Got Mail (1998),7,tt0128853
33804735,Milk (2008),8,tt1013753
33804735,Larry Crowne (2011),7,tt1583420
33804735,The Quick and the Dead (1995),7,tt0114214
33804735,Billy Elliot (2000),8,tt0249462
33804735,The Dirty Dozen (1967),7,tt0061578
33804735,Inglourious Basterds (2009),8,tt0361748
33804735,Forrest Gump (1994),8,tt0109830
33804735,Inception (2010),9,tt1375666
33804735,Fight Club (1999),9,tt0137523
33804735,The Dark Knight Rises (2012),8,tt1345836
33804735,No Country for Old Men (2007),8,tt0477348
33804735,The Silence of the Lambs (1991),9,tt0102926
33804735,Se7en (1995),8,tt0114369
33804735,Shutter Island (2010),9,tt1130884
