58091930,On Probation (2005),7,tt0462570
58091930,Samsara (2011 Documentary),8,tt0770802
58091930,Léon: The Professional (1994),6,tt0110413
58091930,Corpse Bride (2005),7,tt0121164
58091930,Joyeux Noel (2005),4,tt0424205
58091930,Law of Desire (1987),6,tt0093412
58091930,Lore (2012),5,tt1996310
58091930,Killer's Kiss (1955),5,tt0048254
58091930,Women on the Verge of a Nervous Breakdown (1988),6,tt0095675
58091930,Whisper of the Heart (1995),5,tt0113824
58091930,Live Flesh (1997),7,tt0118819
58091930,Clandestine Childhood (2011),5,tt1726888
58091930,Kung Fu Panda 2 (2011),5,tt1302011
58091930,Four Rooms (1995),4,tt0113101
58091930,Dancer in the Dark (2000),7,tt0168629
58091930,Shrek Forever After (2010),4,tt0892791
58091930,Kiki's Delivery Service (1989),6,tt0097814
58091930,Talk to Her (2002),7,tt0287467
58091930,All About My Mother (1999),7,tt0185125
58091930,Marshland (2014),6,tt3253930
58091930,The Tale of the Princess Kaguya (2013),5,tt2576852
58091930,The Killing (1956),5,tt0049406
58091930,Arrow (2012 TV Series),4,tt2193021
58091930,Harry Potter and the Sorcerer's Stone (2001),7,tt0241527
58091930,The Dark Knight (2008),6,tt0468569
58091930,The Da Vinci Code (2006),6,tt0382625
58091930,The Departed (2006),6,tt0407887
58091930,The Prestige (2006),7,tt0482571
58091930,The Matrix (1999),8,tt0133093
58091930,Now You See Me (2013),6,tt1670345
58091930,The Shining (1980),7,tt0081505
58091930,The Silence of the Lambs (1991),7,tt0102926
58091930,The Lord of the Rings: The Fellowship of the Ring (2001),9,tt0120737
58091930,Schindler's List (1993),6,tt0108052
58091930,Star Wars: Episode IV - A New Hope (1977),6,tt0076759
58091930,Back to the Future (1985),7,tt0088763
58091930,Goodfellas (1990),6,tt0099685
58091930,Spider-Man (2002),6,tt0145487
58091930,Scarface (1983),6,tt0086250
58091930,Sleepy Hollow (1999),6,tt0162661
58091930,Charlie and the Chocolate Factory (2005),6,tt0367594
58091930,Underworld (2003),4,tt0320691
58091930,Iron Man 3 (2013),5,tt1300854
58091930,The Great Gatsby (2013),6,tt1343092
58091930,Avatar (2009),4,tt0499549
58091930,Captain America: The Winter Soldier (2014),1,tt1843866
58091930,Harry Potter and the Chamber of Secrets (2002),7,tt0295297
58091930,Gladiator (2000),4,tt0172495
58091930,The Grand Budapest Hotel (2014),7,tt2278388
58091930,Birdman or (The Unexpected Virtue of Ignorance) (2014),8,tt2562232
58091930,Reservoir Dogs (1992),7,tt0105236
58091930,E.T. the Extra-Terrestrial (1982),6,tt0083866
58091930,The Intouchables (2011),6,tt1675434
58091930,The Hobbit: The Battle of the Five Armies (2014),5,tt2310332
58091930,V for Vendetta (2005),6,tt0434409
58091930,The Maze Runner (2014),4,tt1790864
58091930,The Hobbit: An Unexpected Journey (2012),5,tt0903624
58091930,2001: A Space Odyssey (1968),8,tt0062622
58091930,Les Misérables (2012),5,tt1707386
58091930,Dead Poets Society (1989),7,tt0097165
58091930,Iron Man (2008),4,tt0371746
58091930,Raiders of the Lost Ark (1981),4,tt0082971
58091930,Thor (2011),5,tt0800369
58091930,Finding Nemo (2003),6,tt0266543
58091930,Rush (2013),5,tt1979320
58091930,Star Wars: Episode VI - Return of the Jedi (1983),6,tt0086190
58091930,Predestination (2014),7,tt2397535
58091930,Aladdin (1992),5,tt0103639
58091930,Gravity (2013),5,tt1454468
58091930,The Incredibles (2004),4,tt0317705
58091930,Iron Man 2 (2010),3,tt1228705
58091930,The Hobbit: The Desolation of Smaug (2013),5,tt1170358
58091930,The Amazing Spider-Man (2012),5,tt0948470
58091930,Cars (2006),4,tt0317219
58091930,Horrible Bosses (2011),5,tt1499658
58091930,The King's Speech (2010),7,tt1504320
58091930,Casino (1995),6,tt0112641
58091930,Ratatouille (2007),6,tt0382932
58091930,Cape Fear (1991),5,tt0101540
58091930,Wreck-It Ralph (2012),3,tt1772341
58091930,Shrek (2001),6,tt0126029
58091930,Despicable Me (2010),4,tt1323594
58091930,The Illusionist (2006),6,tt0443543
58091930,Prince of Persia: The Sands of Time (2010),3,tt0473075
58091930,Little Miss Sunshine (2006),6,tt0449059
58091930,WALL·E (2008),6,tt0910970
58091930,Captain Phillips (2013),1,tt1535109
58091930,We Need to Talk About Kevin (2011),5,tt1242460
58091930,Blood Diamond (2006),6,tt0450259
58091930,Hachi: A Dog's Tale (2009),6,tt1028532
58091930,Vertigo (1958),7,tt0052357
58091930,Shrek the Third (2007),5,tt0413267
58091930,Rear Window (1954),6,tt0047396
58091930,Natural Born Killers (1994),7,tt0110632
58091930,How the Grinch Stole Christmas (2000),5,tt0170016
58091930,Gattaca (1997),5,tt0119177
58091930,Across the Universe (2007),7,tt0445922
58091930,Kung Fu Panda (2008),5,tt0441773
58091930,Deja Vu (2006),5,tt0453467
58091930,Babel (2006),7,tt0449467
58091930,Ice Age (2002),7,tt0268380
58091930,Vicky Cristina Barcelona (2008),5,tt0497465
58091930,Raging Bull (1980),7,tt0081398
58091930,The Man from Earth (2007),6,tt0756683
58091930,The Lone Ranger (2013),5,tt1210819
58091930,Metropolis (1927),8,tt0017136
58091930,Madagascar (2005),6,tt0351283
58091930,21 Grams (2003),7,tt0315733
58091930,Singin' in the Rain (1952),5,tt0045152
58091930,Blue Jasmine (2013),7,tt2334873
58091930,Back to the Future Part III (1990),6,tt0099088
58091930,21 (2008),4,tt0478087
58091930,Frankenweenie (2012),6,tt1142977
58091930,The Skin I Live In (2011),8,tt1189073
58091930,Exam (2009),7,tt1258197
58091930,Meet the Robinsons (2007),5,tt0396555
58091930,Barry Lyndon (1975),6,tt0072684
58091930,Cloudy with a Chance of Meatballs (2009),5,tt0844471
58091930,Due Date (2010),4,tt1231583
58091930,Mary and Max (2009),8,tt0978762
58091930,The Road to El Dorado (2000),5,tt0138749
58091930,Dracula (1931),4,tt0021814
58091930,Volver (2006),7,tt0441909
58091930,A Bug's Life (1998),5,tt0120623
58091930,La Dolce Vita (1960),6,tt0053779
58091930,Sin City: A Dame to Kill For (2014),6,tt0458481
58091930,Terminator 2: Judgment Day (1991),1,tt0103064
58091930,Indiana Jones and the Last Crusade (1989),4,tt0097576
58091930,The Avengers (2012),4,tt0848228
58091930,Hook (1991),3,tt0102057
58091930,Gone Girl (2014),7,tt2267998
58091930,Transcendence (2014),5,tt2209764
58091930,Chinese Take-Out (2011),7,tt1705786
58091930,Ida (2013),6,tt2718492
58091930,American Psycho (2000),7,tt0144084
58091930,Nausicaä of the Valley of the Wind (1984),7,tt0087544
58091930,Ponyo (2008),7,tt0876563
58091930,The Wind Rises (2013),8,tt2013293
58091930,Toy Story 2 (1999),6,tt0120363
58091930,Shrek 2 (2004),6,tt0298148
58091930,Edward Scissorhands (1990),8,tt0099487
58091930,Whiplash (2014),7,tt2582802
58091930,Casablanca (1942),7,tt0034583
58091930,Butterfly (1999),7,tt0188030
58091930,Lupin III: The Castle of Cagliostro (1979),7,tt0079833
58091930,Harry Potter and the Prisoner of Azkaban (2004),8,tt0304141
58091930,Harry Potter and the Order of the Phoenix (2007),8,tt0373889
58091930,Sweeney Todd: The Demon Barber of Fleet Street (2007),7,tt0408236
58091930,The Devil Wears Prada (2006),7,tt0458352
58091930,Catch Me If You Can (2002),7,tt0264464
58091930,Big Fish (2003),7,tt0319061
58091930,The Lord of the Rings: The Two Towers (2002),8,tt0167261
58091930,The Devil's Advocate (1997),7,tt0118971
58091930,"Monsters, Inc. (2001)",7,tt0198781
58091930,Twelve Monkeys (1995),7,tt0114746
58091930,Citizen Kane (1941),7,tt0033467
58091930,Rango (2011),7,tt1192628
58091930,Dr. Strangelove or: How I Learned to Stop Worrying and Love the Bomb (1964),8,tt0057012
58091930,The Simpsons Movie (2007),7,tt0462538
58091930,The Big Bang Theory (2007 TV Series),7,tt0898266
58091930,Modern Family (2009 TV Series),6,tt1442437
58091930,Friends (1994 TV Series),9,tt0108778
58091930,The Simpsons (1989 TV Series),9,tt0096697
58091930,Two and a Half Men (2003 TV Series),5,tt0369179
58091930,A Clockwork Orange (1971),9,tt0066921
58091930,The Lord of the Rings: The Return of the King (2003),9,tt0167260
58091930,Futurama (1999 TV Series),9,tt0149460
58091930,The Nightmare Before Christmas (1993),7,tt0107688
58091930,Inception (2010),8,tt1375666
58091930,The Dark Knight Rises (2012),6,tt1345836
58091930,Pirates of the Caribbean: The Curse of the Black Pearl (2003),7,tt0325980
58091930,Batman Begins (2005),6,tt0372784
58091930,Pirates of the Caribbean: On Stranger Tides (2011),6,tt1298650
58091930,Memento (2000),8,tt0209144
58091930,The Machinist (2004),8,tt0361862
58091930,Sherlock Holmes: A Game of Shadows (2011),7,tt1515091
58091930,About Time (2013),7,tt2194499
58091930,Amélie (2001),8,tt0211915
58091930,Sherlock Holmes (2009),7,tt0988045
58091930,The Pursuit of Happyness (2006),7,tt0454921
58091930,Slumdog Millionaire (2008),7,tt1010048
58091930,Megamind (2010),4,tt1001526
58091930,The Hunger Games (2012),7,tt1392170
58091930,The Hunger Games: Catching Fire (2013),7,tt1951264
58091930,Camp Rock (2008 TV Movie),1,tt1055366
58091930,X-Men: Days of Future Past (2014),7,tt1877832
58091930,X-Men (2000),7,tt0120903
58091930,Pirates of the Caribbean: At World's End (2007),7,tt0449088
58091930,Pirates of the Caribbean: Dead Man's Chest (2006),7,tt0383574
58091930,X-Men Origins: Wolverine (2009),6,tt0458525
58091930,X-Men: The Last Stand (2006),7,tt0376994
58091930,X-Men 2 (2003),7,tt0290334
58091930,Harry Potter and the Goblet of Fire (2005),8,tt0330373
58091930,X-Men: First Class (2011),6,tt1270798
58091930,Harry Potter and the Half-Blood Prince (2009),8,tt0417741
58091930,Harry Potter and the Deathly Hallows: Part 1 (2010),8,tt0926084
58091930,Mystic River (2003),7,tt0327056
58091930,Spider-Man 2 (2004),6,tt0316654
58091930,The Matrix Reloaded (2003),8,tt0234215
58091930,The Matrix Revolutions (2003),8,tt0242653
58091930,Nine Queens (2000),8,tt0247586
58091930,Castle in the Sky (1986),7,tt0092067
58091930,Porco Rosso (1992),7,tt0104652
58091930,Django Unchained (2012),8,tt1853728
58091930,Inglourious Basterds (2009),8,tt0361748
58091930,Life of Pi (2012),7,tt0454876
58091930,Kill Bill: Vol. 2 (2004),7,tt0378194
58091930,Lolita (1962),7,tt0056193
58091930,As Good as It Gets (1997),6,tt0119822
58091930,Pink Floyd: The Wall (1982),9,tt0084503
58091930,Ed Wood (1994),8,tt0109707
58091930,The Gold Rush (1925),8,tt0015864
58091930,The Great Dictator (1940),9,tt0032553
58091930,Modern Times (1936),9,tt0027977
58091930,City Lights (1931),8,tt0021749
58091930,Breaking Bad (2008 TV Series),9,tt0903747
58091930,The Shawshank Redemption (1994),8,tt0111161
58091930,The Godfather (1972),8,tt0068646
58091930,Pulp Fiction (1994),9,tt0110912
58091930,The Wolf of Wall Street (2013),7,tt0993846
58091930,Fight Club (1999),9,tt0137523
58091930,Harry Potter and the Deathly Hallows: Part 2 (2011),8,tt1201607
58091930,American Beauty (1999),8,tt0169547
58091930,Pan's Labyrinth (2006),6,tt0457430
58091930,Se7en (1995),8,tt0114369
58091930,Requiem for a Dream (2000),8,tt0180093
58091930,Taxi Driver (1976),8,tt0075314
58091930,American History X (1998),8,tt0120586
58091930,The Godfather: Part II (1974),7,tt0071562
58091930,Shutter Island (2010),8,tt1130884
58091930,A Beautiful Mind (2001),8,tt0268978
58091930,Trainspotting (1996),7,tt0117951
58091930,Spirited Away (2001),8,tt0245429
58091930,Kill Bill: Vol. 1 (2003),7,tt0266697
58091930,Full Metal Jacket (1987),8,tt0093058
58091930,Sin City (2005),8,tt0401792
58091930,Life Is Beautiful (1997),7,tt0118799
58091930,The Pianist (2002),7,tt0253474
58091930,Wild Tales (2014),9,tt3011894
58091930,Up (2009),6,tt1049413
58091930,Toy Story (1995),7,tt0114709
58091930,The Secret in Their Eyes (2009),8,tt1305806
58091930,Princess Mononoke (1997),8,tt0119698
58091930,Toy Story 3 (2010),5,tt0435761
58091930,Howl's Moving Castle (2004),8,tt0347149
58091930,How to Train Your Dragon (2010),6,tt0892769
58091930,Grave of the Fireflies (1988),8,tt0095327
58091930,My Neighbor Totoro (1988),7,tt0096283
